0,384
0,472
659,35
0,273
0,270
3,2
3,1
3,3
10,144
10,316
10,283
10,96
10,33
10,28
10,305
11,8
11,15
11,17
11,6
11,16
9,7
9,2
9,3
632,5
632,4
632,3
632,2
8,14
8,9
632,1
632,0
629,6
629,5
629,4
629,3
8,15
8,10
8,4
8,11
8,2
8,3
629,2
629,1
629,0
625,5
625,4
625,3
625,2
625,1
625,0
622,5
622,4
622,3
622,2
622,1
622,0
619,5
619,4
619,3
619,2
619,1
619,0
616,3
616,2
616,1
616,0
615,3
615,2
615,1
615,0
614,5
614,4
614,3
614,2
614,1
614,0
613,4
613,3
613,2
613,1
613,0
612,4
612,3
612,2
612,1
611,5
611,4
611,3
611,2
611,1
609,3
609,1
608,3
608,1
20,3
20,2
20,1
19,3
19,2
19,1
12,3
12,2
12,1
11,30
11,29
11,28
11,27
11,26
11,25
11,24
11,23
11,22
11,21
11,20
11,19
11,14
11,13
11,12
11,11
11,5
11,4
11,3
